4294967278,62
4294967278,60
4294967278,59
4294967278,58
4294967278,57
4294967278,56
4294967278,55
4294967278,355
4294967278,54
4294967278,293
4294967278,53
4294967278,310
4294967278,52
4294967278,51
4294967278,425
4294967278,50
4294967278,49
4294967278,48
4294967278,47
4294967278,46
4294967278,298
4294967278,45
4294967278,44
4294967278,316
4294967278,43
4294967278,296
4294967278,42
4294967278,41
4294967278,40
4294967278,347
4294967278,174
4294967278,385
4294967279,87
4294967279,86
4294967279,85
4294967279,84
4294967279,83
4294967279,81
4294967279,80
4294967279,77
4294967279,75
4294967279,74
4294967279,73
4294967279,72
4294967279,70
4294967279,62
4294967279,60
4294967279,58
4294967279,57
4294967279,55
4294967279,52
4294967279,50
4294967279,48
4294967279,47
4294967279,46
4294967279,39
4294967279,36
4294967279,34
4294967279,31
4294967279,29
4294967279,25
4294967279,413
4294967279,16
4294967279,15
4294967279,13
4294967279,10
4294967279,65
4294967279,282
4294967279,56
4294967278,447
4294967279,318
4294967279,506
4294967278,63
4294967278,176
4294967278,233
4294967279,63
4294967279,439
4294967278,175
4294967279,176
4294967294,1054
4294967278,61
4294967278,173
4294967278,415
4294967279,61
4294967279,175
4294967279,438
4294967278,172
4294967279,173
4294967279,59
4294967279,278
4294967279,172
4294967278,440
4294967279,171
988,5
988,4
4294967279,170
988,3
988,2
988,1
4294967279,505
4294967279,54
4294967279,510
4294967279,53
4294967279,166
4294967279,394
4294967279,165
4294967279,164
4294967279,479
4294967279,163
4294967279,161
987,5
4294967279,160
987,4
987,3
987,2
987,1
4294967279,159
4294967279,44
4294967279,396
4294967294,190
4294967294,176
4294967294,438
4294967294,1035
4294967279,295
4294967279,153
4294967279,40
4294967279,152
4294967279,309
4294967279,151
4294967279,150
4294967279,149
986,6
986,5
4294967279,148
986,4
986,3
986,2
986,1
4294967279,24
4294967279,307
4294967279,33
4294967279,454
4294967279,32
4294967279,144
4294967279,411
4294967294,387
4294967294,388
4294967279,142
4294967279,467
4294967278,439
4294967279,141
4294967279,139
4294967279,136
985,6
4294967279,279
985,5
985,4
4294967279,137
985,3
985,2
985,1
4294967279,306
4294967279,23
4294967294,441
4294967294,392
4294967279,388
4294967279,21
4294967279,434
4294967278,345
4294967279,283
4294967279,19
4294967279,274
4294967279,416
4294967279,273
4294967279,17
4294967279,272
4294967279,466
4294967279,271
984,6
984,5
4294967279,270
984,4
984,3
984,2
984,1
4294967279,269
4294967279,423
4294967278,344
4294967279,266
4294967279,490
4294967279,11
4294967279,265
4294967279,264
4294967279,487
4294967279,263
4294967279,284
4294967278,373
983,5
4294967279,259
983,4
983,3
983,2
983,1
4294967278,342
4294967279,258
4294967278,424
4294967278,371
4294967278,241
4294967278,370
4294967294,38
4294967278,369
4294967278,411
4294967279,260
4294967279,0
4294967278,397
4294967278,254
982,5
4294967278,253
982,4
982,3
982,2
982,1
4294967278,252
4294967294,1040
4294967294,186
4294967294,40
4294967294,99
4294967294,76
4294967294,41
4294967278,437
4294967294,5
4294967294,81
4294967294,92
4294967294,90
4294967294,87
4294967294,86
4294967294,84
4294967294,1087
4294967294,1084
4294967294,414
4294967294,1085
4294967294,53
4294967294,1359
4294967294,45
4294967294,44
4294967278,225
4294967294,426
4294967294,36
4294967278,438
4294967278,260
4294967278,0
4294967294,430
4294967294,43
4294967294,51
4294967294,1356
4294967294,82
4294967278,132
4294967278,131
4294967278,130
4294967278,129
4294967278,128
4294967278,127
4294967278,126
4294967278,125
4294967278,124
4294967278,123
4294967278,122
4294967278,121
4294967278,120
4294967278,119
4294967278,117
4294967278,115
4294967278,114
4294967278,113
4294967278,112
4294967278,111
4294967278,110
4294967278,107
4294967278,106
4294967278,105
4294967278,104
4294967278,103
4294967278,102
4294967278,101
4294967278,100
4294967278,99
4294967278,98
4294967278,97
4294967278,96
4294967278,95
4294967278,94
4294967278,93
4294967278,92
4294967278,91
4294967278,90
4294967278,89
4294967278,87
4294967278,86
4294967278,85
4294967278,84
4294967278,83
4294967278,82
4294967278,81
4294967278,80
4294967278,79
4294967278,78
4294967278,77
4294967278,76
4294967278,75
4294967278,74
4294967278,73
4294967278,72
4294967278,71
4294967278,70
4294967278,69
4294967278,68
4294967278,67
4294967278,66
4294967278,65
4294967278,64
4294967279,78
4294967279,76
4294967279,71
4294967279,69
4294967279,67
4294967279,66
4294967279,64
4294967279,28
4294967279,486
4294967279,27
4294967279,26
4294967279,428
4294967279,410
4294967279,22
4294967279,20
4294967279,313
4294967279,18
4294967279,449
4294967279,302
4294967279,14
4294967279,12
4294967279,432
4294967279,9
4294967279,8
4294967279,7
4294967279,400
4294967279,6
4294967279,157
4294967279,5
4294967279,470
4294967279,4
4294967278,118
4294967278,245
4294967278,242
4294967294,37
4294967294,39
4294967294,202
4294967278,116
4294967278,240
4294967278,382
4294967278,238
4294967278,237
4294967278,232
4294967278,236
